Epochs 	Correct
1000	89.47368421052632
1000	100.0
1000	94.73684210526315
1000	63.1578947368421
1000	94.73684210526315
1000	97.36842105263158
1000	86.8421052631579
1000	94.73684210526315
1000	81.57894736842105
1000	86.8421052631579
1000	89.47368421052632
1000	100.0
1000	100.0
1000	97.36842105263158
1000	76.31578947368422
1000	86.8421052631579
1000	60.526315789473685
1000	65.78947368421053
2000	94.73684210526315
2000	94.73684210526315
2000	68.42105263157895
3000	92.10526315789474
3000	100.0
3000	100.0
4000	94.73684210526315
4000	97.36842105263158
4000	89.47368421052632
100	39.473684210526315
100	34.21052631578947
100	34.21052631578947
100	36.84210526315789
100	44.73684210526316
100	28.947368421052634
100	57.89473684210527
100	65.78947368421053
100	39.473684210526315
100	52.63157894736842
200	47.368421052631575
200	28.947368421052634
200	68.42105263157895
200	36.84210526315789
200	63.1578947368421
200	60.526315789473685
200	78.94736842105263
200	63.1578947368421
200	68.42105263157895
200	63.1578947368421
300	68.42105263157895
300	55.26315789473685
300	63.1578947368421
300	63.1578947368421
300	84.21052631578947
300	81.57894736842105
300	28.947368421052634
300	84.21052631578947
300	92.10526315789474
300	94.73684210526315
400	73.68421052631578
400	89.47368421052632
400	55.26315789473685
400	68.42105263157895
400	86.8421052631579
400	65.78947368421053
400	55.26315789473685
400	84.21052631578947
400	84.21052631578947
400	94.73684210526315
500	78.94736842105263
500	71.05263157894737
500	92.10526315789474
500	65.78947368421053
500	63.1578947368421
500	63.1578947368421
500	76.31578947368422
500	92.10526315789474
500	78.94736842105263
500	52.63157894736842
600	78.94736842105263
600	84.21052631578947
600	71.05263157894737
600	68.42105263157895
600	92.10526315789474
600	94.73684210526315
600	28.947368421052634
600	71.05263157894737
600	81.57894736842105
600	78.94736842105263
700	81.57894736842105
700	86.8421052631579
700	92.10526315789474
700	89.47368421052632
700	89.47368421052632
700	73.68421052631578
700	68.42105263157895
700	97.36842105263158
700	94.73684210526315
700	65.78947368421053
800	92.10526315789474
800	89.47368421052632
800	55.26315789473685
800	86.8421052631579
800	94.73684210526315
800	97.36842105263158
800	76.31578947368422
800	89.47368421052632
800	94.73684210526315
800	100.0
900	81.57894736842105
900	94.73684210526315
900	52.63157894736842
900	84.21052631578947
900	55.26315789473685
900	60.526315789473685
900	94.73684210526315
900	97.36842105263158
900	92.10526315789474
900	73.68421052631578
1200	92.10526315789474
1200	94.73684210526315
1200	86.8421052631579
1200	68.42105263157895
1200	94.73684210526315
1400	100.0
1400	97.36842105263158
1400	92.10526315789474
1500	78.94736842105263
1600	86.8421052631579
1700	94.73684210526315
1800	97.36842105263158
1900	97.36842105263158